13 584 1 10 3 0 0
14 579 1 21 10 0 0
15 577 1 24 12 0 0
16 579 1 26 14 0 0
17 574 1 34 16 0 0
18 579 1 35 20 0 0
19 582 1 33 25 0 0
20 584 8 35 26 0 0
21 587 12 36 27 0 0
22 587 15 38 26 0 0
23 597 15 34 28 0 0
24 605 19 33 28 0 0
25 614 22 32 28 0 0
26 619 22 32 30 0 0
27 626 23 32 29 0 0
28 631 20 31 30 0 0
29 637 17 31 31 0 0
30 641 19 31 30 0 0
31 646 22 31 30 0 0
32 648 27 31 31 0 0
33 651 35 31 31 0 0
34 652 40 30 31 0 0
35 650 45 31 30 0 0
36 649 49 30 29 0 0
37 646 54 29 31 0 0
38 643 57 30 31 0 0
39 640 58 29 34 0 0
40 640 62 28 31 0 0
41 640 62 31 31 0 0
42 646 62 27 32 0 0
43 652 58 28 34 0 0
44 652 40 33 49 0 0
45 664 55 29 32 0 0
46 669 55 27 32 0 0
47 676 54 27 34 0 0
48 682 52 27 33 0 0
49 687 51 27 33 0 0
50 689 51 27 34 0 0
51 692 52 26 32 0 0
52 692 49 27 32 0 0
53 694 47 26 34 0 0
54 695 46 26 34 0 0
55 697 47 25 34 0 0
56 700 45 26 33 0 0
57 704 44 27 34 0 0
58 710 41 27 36 0 0
59 719 40 26 35 0 0
60 725 36 26 36 0 0
61 734 33 25 34 0 0
62 739 29 26 35 0 0
63 746 24 25 36 0 0
64 750 20 25 36 0 0
65 756 13 25 36 0 0
66 761 8 24 36 0 0
67 764 6 24 36 0 0
68 770 1 24 35 0 0
69 774 1 25 33 0 0
70 784 1 25 31 0 0
71 791 1 24 29 0 0
72 801 1 25 23 0 0
73 819 1 17 20 0 0
74 829 1 16 17 0 0
75 837 1 15 14 0 0
76 846 1 14 7 0 0
77 851 1 13 7 0 0
78 854 1 14 8 0 0
79 859 1 13 11 0 0
80 861 1 14 14 0 0
81 868 1 13 14 0 0
82 871 1 14 15 0 0
83 876 1 15 17 0 0
84 881 1 14 22 0 0
85 885 1 14 27 0 0
86 890 1 13 34 0 0
87 893 8 20 40 0 0
88 904 12 14 40 0 0
89 911 17 14 40 0 0
90 917 25 14 40 0 0
91 921 32 15 40 0 0
92 925 37 15 40 0 0
93 935 43 16 39 0 0
94 940 43 17 41 0 0
95 951 49 16 41 0 0
96 960 71 16 25 0 0
97 964 64 19 41 0 0
98 977 82 20 43 0 0
99 985 97 24 44 0 0
100 991 111 23 42 0 0
101 997 119 24 43 0 0
102 1004 119 21 45 0 0
103 1012 137 13 36 0 0
104 1017 165 8 23 0 0
128 1023 425 2 4 0 0
129 1020 433 5 7 0 0
130 1015 426 10 20 0 0
131 1014 426 11 20 0 0
132 1008 421 17 25 0 0
133 1004 411 21 31 0 0
134 1001 395 24 36 0 0
135 997 386 28 40 0 0
136 990 380 35 38 0 0
137 979 363 37 27 0 0
138 966 357 38 37 0 0
139 964 355 37 39 0 0
140 965 351 38 42 0 0
141 966 352 39 39 0 0
142 968 351 39 39 0 0
143 969 346 41 38 0 0
144 972 346 38 38 0 0
145 974 346 42 38 0 0
146 976 345 40 36 0 0
147 978 342 40 37 0 0
148 977 340 44 39 0 0
149 978 340 43 39 0 0
150 978 346 43 36 0 0
151 977 346 44 36 0 0
152 977 350 44 38 0 0
153 977 350 44 38 0 0
154 980 346 45 38 0 0
155 983 346 42 38 0 0
156 986 350 39 34 0 0
157 985 349 40 41 0 0
158 985 355 40 38 0 0
159 982 357 43 38 0 0
160 982 357 43 41 0 0
161 984 357 41 36 0 0
162 986 357 39 32 0 0
163 992 349 33 32 0 0
164 995 347 30 30 0 0
165 999 344 26 27 0 0
166 1001 344 24 25 0 0
167 1002 344 23 23 0 0
168 1002 344 23 25 0 0
169 1001 346 24 28 0 0
170 1001 356 24 25 0 0
171 1001 361 24 24 0 0
172 1001 361 24 21 0 0
173 1001 357 24 23 0 0
174 1004 361 21 19 0 0
175 1006 364 19 21 0 0
176 1009 371 16 21 0 0
177 1012 377 13 18 0 0
178 1016 379 9 18 0 0
179 1017 387 8 18 0 0
180 1018 394 7 15 0 0
181 1020 405 5 8 0 0
182 1022 410 3 6 0 0
188 1018 485 7 14 0 0
189 1011 491 14 18 0 0
190 1006 494 19 16 0 0
191 1005 489 20 15 0 0
192 1011 482 14 14 0 0
193 1017 475 8 17 0 0
246 873 762 61 7 0 0
247 867 754 78 15 0 0
248 859 749 79 20 0 0
249 854 748 78 21 0 0
250 846 746 83 18 0 0
252 834 725 80 19 0 0
253 873 762 55 7 0 0
254 814 678 82 31 0 0
255 808 670 81 32 0 0
256 805 663 78 33 0 0
257 833 722 82 26 0 0
258 790 660 78 32 0 0
259 786 671 65 12 0 0
260 782 663 76 34 0 0
261 776 668 77 36 0 0
262 772 676 76 36 0 0
263 771 682 77 36 0 0
264 859 752 78 17 0 0
265 808 672 81 28 0 0
266 767 679 76 40 0 0
267 766 676 73 38 0 0
268 764 667 74 40 0 0
269 763 664 75 40 0 0
270 763 664 75 40 0 0
271 763 664 75 42 0 0
272 763 664 75 44 0 0
273 763 672 75 41 0 0
274 758 678 80 40 0 0
275 758 678 76 44 0 0
276 752 682 79 45 0 0
277 752 683 78 45 0 0
278 751 683 74 48 0 0
279 751 690 75 46 0 0
280 751 698 74 43 0 0
281 748 695 76 47 0 0
282 748 700 74 46 0 0
283 743 706 75 49 0 0
284 743 712 74 48 0 0
285 743 715 74 48 0 0
286 743 716 74 50 0 0
287 742 722 75 47 0 0
288 742 729 73 40 0 0
289 742 733 73 36 0 0
290 738 740 58 29 0 0
291 735 746 51 23 0 0
292 732 749 38 20 0 0
293 727 756 30 13 0 0
294 721 762 23 7 0 0
359 740 764 11 5 0 0
360 428 754 22 15 0 0
361 425 752 24 17 0 0
362 420 751 21 18 0 0
363 411 753 19 16 0 0
364 407 755 17 14 0 0
365 400 755 19 14 0 0
366 398 753 21 16 0 0
367 395 756 17 13 0 0
368 393 758 15 11 0 0
369 392 760 17 9 0 0
370 391 762 18 7 0 0
371 389 759 14 10 0 0
372 384 756 16 13 0 0
373 378 754 17 15 0 0
374 373 751 22 18 0 0
375 370 743 25 26 0 0
376 370 743 25 26 0 0
377 368 741 27 28 0 0
378 366 740 25 29 0 0
379 363 737 23 22 0 0
380 353 728 31 41 0 0
381 346 724 31 45 0 0
382 339 719 37 50 0 0
383 337 711 33 58 0 0
384 337 706 33 63 0 0
385 336 703 34 66 0 0
386 336 699 29 45 0 0
387 334 689 35 71 0 0
388 331 685 35 70 0 0
389 331 685 33 70 0 0
390 325 685 35 74 0 0
391 316 681 33 72 0 0
392 310 674 33 74 0 0
393 300 671 30 73 0 0
394 293 670 29 74 0 0
395 282 670 28 72 0 0
396 276 673 30 70 0 0
397 271 674 28 71 0 0
398 269 674 28 73 0 0
399 268 674 29 73 0 0
400 269 673 28 74 0 0
401 269 673 30 74 0 0
402 275 676 29 71 0 0
403 275 676 26 46 0 0
404 281 678 24 71 0 0
405 280 677 25 72 0 0
406 278 679 25 70 0 0
407 279 677 25 72 0 0
408 278 676 24 73 0 0
409 278 679 23 70 0 0
410 275 674 22 75 0 0
411 272 671 21 70 0 0
412 266 663 22 70 0 0
413 264 659 20 71 0 0
414 260 656 21 69 0 0
415 260 657 19 34 0 0
416 260 664 18 71 0 0
417 257 676 17 73 0 0
418 249 689 18 70 0 0
419 239 714 20 55 0 0
420 234 704 17 65 0 0
421 228 719 19 50 0 0
422 228 730 19 39 0 0
423 232 737 16 32 0 0
424 232 740 18 29 0 0
425 234 742 16 27 0 0
426 232 742 18 27 0 0
427 229 739 21 30 0 0
428 225 738 18 31 0 0
429 215 735 19 34 0 0
430 209 734 17 35 0 0
431 192 735 18 34 0 0
432 232 740 17 29 0 0
433 185 753 18 16 0 0
434 180 759 17 10 0 0
435 228 747 22 22 0 0
437 150 763 19 6 0 0
438 142 755 22 14 0 0
439 139 755 22 14 0 0
440 137 753 21 16 0 0
441 135 753 23 16 0 0
442 135 755 21 14 0 0
443 134 758 21 11 0 0
444 212 732 25 37 0 0
445 130 744 25 25 0 0
446 142 756 22 13 0 0
447 118 733 29 36 0 0
448 115 732 29 37 0 0
449 108 730 29 39 0 0
450 105 728 28 41 0 0
451 104 728 29 41 0 0
452 102 720 29 49 0 0
453 100 717 31 52 0 0
454 99 711 31 58 0 0
455 91 699 32 70 0 0
456 88 693 31 70 0 0
457 88 685 30 71 0 0
458 86 678 30 72 0 0
459 85 673 30 69 0 0
460 85 667 30 51 0 0
461 103 721 30 48 0 0
462 81 663 33 72 0 0
463 81 655 33 68 0 0
464 81 645 33 67 0 0
465 102 716 34 53 0 0
466 80 638 33 67 0 0
467 77 622 31 67 0 0
468 70 609 34 67 0 0
469 56 585 34 66 0 0
470 49 575 35 66 0 0
471 46 561 34 67 0 0
472 47 559 35 66 0 0
473 50 556 35 66 0 0
474 55 549 35 66 0 0
475 59 541 36 65 0 0
476 60 537 35 65 0 0
477 56 531 34 65 0 0
478 50 529 36 65 0 0
479 47 527 36 65 0 0
480 46 525 36 65 0 0
481 45 523 37 64 0 0
482 46 520 37 62 0 0
483 48 514 37 63 0 0
484 52 512 37 63 0 0
485 53 511 38 61 0 0
486 55 510 39 60 0 0
487 57 509 39 59 0 0
488 59 508 40 58 0 0
489 61 506 38 62 0 0
490 63 506 38 62 0 0
491 66 507 39 62 0 0
492 70 509 38 62 0 0
493 72 513 39 61 0 0
494 76 517 39 61 0 0
495 77 518 39 61 0 0
496 76 518 40 61 0 0
497 70 518 39 61 0 0
498 66 517 40 61 0 0
499 59 516 41 60 0 0
500 56 516 40 59 0 0
501 49 515 41 59 0 0
502 47 516 40 59 0 0
503 41 521 43 59 0 0
504 42 529 41 59 0 0
505 44 536 41 58 0 0
506 47 542 42 58 0 0
507 51 546 41 58 0 0
508 56 550 42 58 0 0
509 59 551 42 58 0 0
510 61 550 42 58 0 0
511 59 548 43 57 0 0
512 60 546 42 57 0 0
513 57 547 43 57 0 0
514 55 548 43 57 0 0
515 52 549 43 57 0 0
516 49 551 43 57 0 0
517 46 556 44 56 0 0
518 44 560 44 55 0 0
519 44 556 44 55 0 0
520 46 557 44 55 0 0
521 49 561 44 55 0 0
522 51 562 45 55 0 0
523 53 560 45 54 0 0
524 53 558 45 54 0 0
525 52 553 45 54 0 0
526 49 540 45 54 0 0
527 45 518 46 54 0 0
528 43 513 45 54 0 0
529 41 510 46 53 0 0
530 39 507 46 53 0 0
531 38 507 46 53 0 0
532 39 508 47 53 0 0
533 39 512 46 53 0 0
534 37 515 47 53 0 0
535 37 515 47 52 0 0
536 37 515 47 51 0 0
537 39 512 48 51 0 0
538 40 508 48 51 0 0
539 39 504 49 51 0 0
540 40 503 48 49 0 0
541 40 499 49 50 0 0
542 38 494 49 50 0 0
543 33 490 48 50 0 0
544 28 485 47 50 0 0
545 20 479 49 50 0 0
546 9 471 49 50 0 0
547 2 471 49 49 0 0
548 1 471 43 45 0 0
549 1 474 41 42 0 0
550 1 476 41 44 0 0
551 1 479 42 45 0 0
552 1 479 45 47 0 0
553 1 473 48 47 0 0
554 1 467 48 47 0 0
555 1 462 47 46 0 0
556 1 450 47 46 0 0
557 1 440 47 46 0 0
558 1 423 47 46 0 0
559 1 414 47 45 0 0
560 1 406 44 46 0 0
561 1 399 41 45 0 0
562 1 395 39 45 0 0
563 1 391 39 44 0 0
564 1 391 37 43 0 0
565 1 391 39 43 0 0
566 1 388 42 43 0 0
567 1 381 45 41 0 0
568 1 371 48 43 0 0
569 5 363 48 42 0 0
570 9 357 48 41 0 0
571 13 353 48 42 0 0
572 18 347 48 41 0 0
573 20 343 50 43 0 0
574 21 343 49 43 0 0
575 21 345 50 42 0 0
576 21 344 50 41 0 0
577 21 344 49 40 0 0
578 21 343 49 41 0 0
579 19 341 51 42 0 0
580 9 355 48 41 0 0
581 16 343 52 41 0 0
582 16 348 51 41 0 0
583 15 351 51 40 0 0
584 15 360 51 39 0 0
585 15 366 51 39 0 0
586 16 371 51 38 0 0
587 19 373 53 37 0 0
588 23 377 51 37 0 0
589 29 379 53 39 0 0
590 37 382 53 40 0 0
591 43 383 53 39 0 0
592 49 385 53 37 0 0
593 51 389 53 40 0 0
594 50 387 53 35 0 0
595 45 387 54 37 0 0
596 40 387 54 35 0 0
597 31 387 54 35 0 0
598 25 389 54 35 0 0
599 15 390 55 34 0 0
600 37 385 54 37 0 0
601 9 385 55 37 0 0
602 13 381 45 26 0 0
603 8 378 53 30 0 0
604 12 385 55 34 0 0
605 17 393 55 33 0 0
606 25 394 55 34 0 0
607 27 394 54 33 0 0
608 22 398 56 35 0 0
609 12 406 57 34 0 0
610 5 413 57 32 0 0
611 1 419 55 32 0 0
612 1 431 52 32 0 0
613 1 438 43 32 0 0
614 1 438 37 30 0 0
615 1 434 35 29 0 0
616 1 428 30 28 0 0
617 1 416 22 20 0 0
618 1 398 15 17 0 0
619 1 385 12 15 0 0
620 1 377 13 16 0 0
621 1 378 15 17 0 0
622 1 380 16 17 0 0
623 1 380 16 17 0 0
624 1 379 8 14 0 0
630 1 368 7 14 0 0
631 1 362 18 18 0 0
632 1 354 24 22 0 0
633 1 337 28 24 0 0
634 1 329 28 22 0 0
635 1 315 29 23 0 0
636 1 312 30 20 0 0
637 1 312 29 22 0 0
638 1 319 30 22 0 0
639 1 317 30 20 0 0
640 1 310 31 23 0 0
641 1 306 33 22 0 0
642 1 301 33 27 0 0
643 1 301 33 23 0 0
644 1 297 32 22 0 0
645 1 294 32 22 0 0
646 1 291 29 22 0 0
647 1 291 25 21 0 0
648 1 291 20 19 0 0
649 1 286 16 13 0 0
650 1 267 9 12 0 0
651 1 257 7 9 0 0
652 1 241 6 10 0 0
653 1 233 6 10 0 0
654 1 218 11 14 0 0
655 1 215 16 17 0 0
656 1 206 25 19 0 0
657 1 200 32 22 0 0
658 1 188 39 25 0 0
659 1 183 44 24 0 0
660 1 177 49 25 0 0
661 15 162 50 26 0 0
662 26 159 49 23 0 0
663 33 159 50 22 0 0
664 40 158 50 23 0 0
665 49 159 50 23 0 0
666 55 160 50 22 0 0
667 61 164 49 21 0 0
668 62 166 50 21 0 0
669 62 166 50 21 0 0
670 62 164 49 23 0 0
671 62 166 47 21 0 0
672 57 182 49 21 0 0
673 57 196 51 21 0 0
674 57 196 53 21 0 0
675 65 195 49 20 0 0
676 68 193 49 19 0 0
677 72 190 49 19 0 0
678 75 188 51 21 0 0
679 79 186 50 19 0 0
680 82 186 48 17 0 0
681 84 186 49 16 0 0
682 88 188 49 18 0 0
683 89 193 48 17 0 0
684 89 202 50 17 0 0
685 91 211 50 17 0 0
686 94 218 48 15 0 0
687 95 222 49 16 0 0
688 100 222 48 16 0 0
689 101 222 50 15 0 0
690 101 223 53 14 0 0
691 101 223 55 14 0 0
692 101 222 55 15 0 0
693 103 225 53 16 0 0
694 103 227 53 14 0 0
695 103 227 53 15 0 0
696 103 230 51 15 0 0
697 103 230 51 15 0 0
698 103 230 51 14 0 0
699 103 230 51 14 0 0
700 103 230 51 13 0 0
701 103 225 51 14 0 0
702 103 218 51 26 0 0
703 104 217 50 26 0 0
704 105 211 49 26 0 0
705 106 207 49 26 0 0
706 106 203 49 26 0 0
707 106 199 50 25 0 0
708 107 196 49 26 0 0
709 106 190 49 25 0 0
710 105 186 49 25 0 0
711 104 181 49 26 0 0
712 103 178 50 25 0 0
713 103 173 49 26 0 0
714 104 170 49 25 0 0
715 105 170 49 25 0 0
716 106 167 49 25 0 0
717 107 163 49 25 0 0
718 108 157 49 25 0 0
719 108 147 49 25 0 0
720 108 139 50 25 0 0
721 109 135 48 24 0 0
722 108 127 49 25 0 0
723 108 125 49 24 0 0
724 107 118 49 25 0 0
725 108 112 48 25 0 0
726 109 107 48 24 0 0
727 112 98 49 25 0 0
728 114 96 49 24 0 0
729 121 95 48 23 0 0
730 126 93 48 21 0 0
731 132 89 49 23 0 0
732 141 81 49 24 0 0
733 149 76 47 22 0 0
734 157 64 48 22 0 0
735 160 55 49 23 0 0
736 164 46 49 23 0 0
737 169 34 49 24 0 0
738 173 22 49 24 0 0
739 177 14 48 24 0 0
740 180 14 48 24 0 0
741 184 15 47 24 0 0
742 187 16 48 24 0 0
743 190 16 48 23 0 0
744 194 11 48 23 0 0
745 195 6 49 24 0 0
746 200 1 46 13 0 0
747 200 1 47 9 0 0
748 211 1 40 5 0 0
749 214 1 41 5 0 0
750 218 1 45 8 0 0
751 221 1 45 12 0 0
752 233 1 44 12 0 0
753 239 1 43 12 0 0
754 250 1 43 12 0 0
755 260 1 43 12 0 0
756 264 1 44 7 0 0
757 278 1 38 7 0 0
758 288 1 33 6 0 0
759 288 1 38 5 0 0
760 296 1 33 5 0 0
761 301 1 32 6 0 0
762 301 1 38 6 0 0
763 304 1 42 11 0 0
764 313 3 43 14 0 0
765 321 10 43 13 0 0
766 335 16 42 13 0 0
767 344 16 40 16 0 0
768 354 14 42 16 0 0
769 364 10 43 17 0 0
770 371 8 41 16 0 0
771 377 4 40 16 0 0
772 383 1 39 13 0 0
773 383 1 42 13 0 0
774 385 1 43 15 0 0
775 383 1 44 19 0 0
776 383 7 41 17 0 0
777 382 13 41 18 0 0
778 382 22 41 16 0 0
779 385 29 38 18 0 0
780 387 35 39 17 0 0
781 393 41 41 19 0 0
782 397 43 38 19 0 0
783 400 43 39 19 0 0
784 409 45 38 19 0 0
785 409 45 39 19 0 0
786 412 45 40 20 0 0
787 420 44 39 18 0 0
788 427 39 39 20 0 0
789 433 36 39 20 0 0
790 439 33 39 19 0 0
791 444 31 38 19 0 0
792 449 31 36 19 0 0
793 449 32 36 18 0 0
794 449 33 38 20 0 0
795 451 37 37 20 0 0
796 449 37 39 20 0 0
797 447 34 37 22 0 0
798 447 34 37 22 0 0
799 447 34 37 22 0 0
800 447 34 37 22 0 0
801 451 34 38 23 0 0
802 457 29 38 24 0 0
803 462 23 38 25 0 0
804 466 18 38 26 0 0
805 470 7 38 26 0 0
806 473 2 38 27 0 0
807 472 3 39 26 0 0
808 478 1 37 22 0 0
809 484 1 33 18 0 0
810 497 1 32 15 0 0
811 516 1 22 9 0 0
833 672 1 9 3 0 0
834 676 1 9 4 0 0
835 680 1 11 4 0 0
836 683 1 11 4 0 0
837 688 1 11 4 0 0
838 692 1 12 4 0 0
839 696 1 12 4 0 0
840 701 1 12 4 0 0
841 703 1 13 4 0 0
842 707 1 14 6 0 0
843 710 1 15 7 0 0
844 714 1 15 7 0 0
845 719 1 15 7 0 0
872 893 1 15 6 0 0
873 895 1 19 12 0 0
874 903 1 20 21 0 0
875 910 1 20 27 0 0
876 921 1 19 34 0 0
877 926 2 20 40 0 0
878 943 18 19 39 0 0
879 949 23 19 39 0 0
880 955 31 22 38 0 0
882 968 48 18 41 0 0
883 973 60 14 40 0 0
884 972 77 16 40 0 0
885 971 94 17 41 0 0
886 973 121 16 40 0 0
887 976 138 18 40 0 0
888 979 145 17 43 0 0
889 981 150 18 41 0 0
890 982 154 18 41 0 0
891 983 160 18 42 0 0
892 984 166 20 41 0 0
893 988 171 19 42 0 0
894 990 176 20 41 0 0
895 995 184 21 42 0 0
896 998 190 20 42 0 0
897 1001 198 21 41 0 0
898 1007 206 18 42 0 0
899 1011 212 14 41 0 0
900 1019 231 6 30 0 0
901 1022 255 3 10 0 0
914 1022 330 3 14 0 0
915 1016 319 9 32 0 0
916 1011 316 14 35 0 0
917 1010 315 15 37 0 0
918 1008 313 17 37 0 0
919 1011 306 14 38 0 0
920 1014 302 11 33 0 0
921 1015 302 10 27 0 0
922 1018 304 7 17 0 0
923 1018 299 7 19 0 0
924 1014 282 11 27 0 0
925 1014 278 11 29 0 0
926 1014 274 11 29 0 0
927 1014 273 11 27 0 0
928 1014 272 11 25 0 0
929 1016 275 9 18 0 0
930 1017 275 8 17 0 0
931 1021 273 4 15 0 0
932 1025 273 0 15 0 0
1014 1023 741 2 11 0 0
1015 1019 728 6 18 0 0
1016 1018 720 7 18 0 0
1018 1011 699 14 23 0 0
1019 1000 693 25 23 0 0
1020 990 692 35 21 0 0
1022 962 676 63 22 0 0
1024 962 679 63 19 0 0
1025 960 677 65 20 0 0
1026 954 678 71 20 0 0
1027 950 680 75 18 0 0
1028 942 681 83 23 0 0
1029 935 686 83 20 0 0
1030 932 691 83 21 0 0
1031 931 695 82 20 0 0
1032 932 702 83 24 0 0
1033 936 710 82 23 0 0
1034 937 715 82 23 0 0
1035 937 720 82 23 0 0
1036 936 723 84 23 0 0
1037 933 725 84 24 0 0
1038 927 729 85 25 0 0
1039 923 731 85 26 0 0
1040 916 735 86 28 0 0
1041 912 738 85 28 0 0
1042 907 743 86 26 0 0
1043 904 746 86 23 0 0
1044 899 751 79 18 0 0
1045 897 752 75 17 0 0
1046 896 755 66 14 0 0
1047 893 761 50 8 0 0
1048 892 765 16 4 0 0
1189 223 763 12 6 0 0
1190 218 759 18 10 0 0
1191 216 749 21 20 0 0
1192 217 740 23 29 0 0
1193 221 732 23 37 0 0
1194 221 727 27 42 0 0
1195 220 719 25 50 0 0
1196 213 712 28 57 0 0
1197 208 706 28 63 0 0
1198 203 701 28 68 0 0
1199 197 693 26 76 0 0
1200 193 689 27 80 0 0
1201 186 684 26 75 0 0
1202 183 680 26 75 0 0
1203 179 670 26 76 0 0
1204 175 659 25 76 0 0
1205 175 656 25 75 0 0
1206 177 652 23 75 0 0
1207 178 649 25 75 0 0
1208 180 650 23 58 0 0
1209 172 644 28 75 0 0
1210 166 646 24 75 0 0
1212 152 647 25 77 0 0
1213 146 647 24 77 0 0
1214 148 643 23 75 0 0
1215 151 639 21 75 0 0
1216 155 633 22 74 0 0
1217 161 625 21 74 0 0
1218 166 625 22 66 0 0
1219 167 609 23 71 0 0
1220 157 610 24 72 0 0
1221 147 642 28 44 0 0
1222 144 622 24 74 0 0
1223 151 638 22 75 0 0
1224 138 632 23 72 0 0
1225 130 649 27 57 0 0
1226 130 649 28 74 0 0
1227 124 680 27 73 0 0
1228 123 680 28 72 0 0
1229 123 680 27 72 0 0
1230 118 673 29 79 0 0
1231 107 669 32 72 0 0
1232 99 663 32 71 0 0
1233 95 661 31 69 0 0
1234 89 660 31 68 0 0
1235 88 664 32 67 0 0
1236 89 668 32 68 0 0
1237 90 674 33 67 0 0
1238 91 677 31 68 0 0
1239 88 680 31 68 0 0
1240 85 681 32 68 0 0
1241 79 683 35 70 0 0
1242 77 684 36 70 0 0
1243 73 689 34 71 0 0
1244 70 695 35 70 0 0
1245 68 699 34 70 0 0
1246 65 704 35 65 0 0
1247 63 707 35 62 0 0
1248 59 710 36 59 0 0
1249 84 681 34 68 0 0
1250 80 683 35 70 0 0
1251 50 724 32 45 0 0
1252 47 726 32 43 0 0
1253 42 729 32 43 0 0
1254 38 729 33 42 0 0
1255 34 730 33 41 0 0
1256 31 730 33 41 0 0
1257 29 730 33 39 0 0
1258 25 730 34 39 0 0
1259 23 727 34 42 0 0
1260 18 721 36 48 0 0
1261 18 719 34 50 0 0
1262 16 721 33 48 0 0
1263 12 717 35 52 0 0
1264 10 713 35 56 0 0
1265 8 711 36 58 0 0
1266 8 710 35 59 0 0
1267 8 710 35 59 0 0
1268 8 707 36 62 0 0
1269 7 708 36 61 0 0
1270 4 709 37 60 0 0
1271 4 707 36 62 0 0
1272 1 705 38 64 0 0
1273 1 697 33 67 0 0
1274 1 689 30 67 0 0
1275 1 677 25 60 0 0
1276 1 671 21 54 0 0
1277 1 663 14 39 0 0
1278 1 660 10 30 0 0
1279 1 659 8 27 0 0
1280 1 656 11 30 0 0
1281 1 652 15 39 0 0
1282 1 648 15 39 0 0
1283 1 641 14 35 0 0
1284 1 633 10 29 0 0
1285 1 626 8 23 0 0
1286 1 621 8 20 0 0
1287 1 607 14 28 0 0
1288 1 604 12 31 0 0
1289 1 600 15 36 0 0
1290 1 599 18 40 0 0
1291 1 633 10 22 0 0
1292 1 593 19 45 0 0
1293 1 587 20 48 0 0
1294 1 579 18 43 0 0
1295 1 572 15 33 0 0
1296 1 567 9 22 0 0
1297 1 566 9 20 0 0
1302 1 543 4 15 0 0
1303 1 536 8 22 0 0
1304 1 531 11 22 0 0
1305 1 526 12 27 0 0
1306 1 521 11 21 0 0
1307 1 516 8 21 0 0
1312 1 534 7 23 0 0
1315 1 518 8 18 0 0
1316 1 517 9 20 0 0
1317 1 517 7 17 0 0
1318 1 509 4 17 0 0
1324 1 509 5 21 0 0
1325 1 507 7 21 0 0
1326 1 501 17 27 0 0
1327 1 495 21 33 0 0
1328 1 487 23 41 0 0
1329 1 477 21 35 0 0
1330 1 471 19 35 0 0
1331 1 467 15 25 0 0
1332 1 465 11 17 0 0
1399 1 309 7 11 0 0
1400 1 291 3 10 0 0
1401 1 281 4 10 0 0
1402 1 271 3 9 0 0
1403 1 268 3 5 0 0
1410 1 261 5 13 0 0
1411 1 257 7 15 0 0
1412 1 257 13 15 0 0
1413 1 256 18 18 0 0
1414 1 252 22 22 0 0
1415 1 247 25 25 0 0
1416 1 239 31 27 0 0
1417 1 229 38 29 0 0
1418 1 229 40 29 0 0
1419 1 227 43 31 0 0
1420 1 227 46 31 0 0
1421 1 230 48 34 0 0
1422 1 233 50 34 0 0
1423 1 235 52 35 0 0
1424 1 239 53 36 0 0
1425 2 244 54 31 0 0
1426 5 249 53 32 0 0
1427 5 253 55 31 0 0
1428 9 263 55 31 0 0
1429 12 269 53 31 0 0
1430 15 273 52 34 0 0
1431 17 280 52 30 0 0
1432 18 287 53 29 0 0
1433 18 289 53 31 0 0
1434 18 295 53 31 0 0
1435 20 301 52 30 0 0
1436 20 308 53 29 0 0
1437 20 311 53 30 0 0
1438 18 316 53 28 0 0
1439 16 320 52 27 0 0
1440 16 320 49 27 0 0
1441 11 324 53 29 0 0
1442 11 329 52 28 0 0
1443 11 331 50 26 0 0
1444 7 330 52 27 0 0
1445 7 330 52 27 0 0
1446 7 332 52 25 0 0
1447 7 333 52 27 0 0
1448 7 341 51 19 0 0
1449 7 333 51 27 0 0
1450 7 331 51 27 0 0
1451 7 328 51 26 0 0
1452 3 325 53 26 0 0
1453 1 322 53 29 0 0
1454 1 319 50 26 0 0
1455 1 313 47 26 0 0
1456 1 309 43 28 0 0
1457 1 296 37 25 0 0
1458 1 277 35 24 0 0
1459 1 274 35 21 0 0
1460 1 272 37 24 0 0
1461 1 274 41 26 0 0
1462 1 268 43 28 0 0
1463 1 263 43 27 0 0
1464 1 257 42 26 0 0
1465 1 252 39 26 0 0
1466 1 246 35 23 0 0
1467 1 243 34 21 0 0
1468 1 239 33 21 0 0
1469 1 239 35 20 0 0
1470 1 239 35 22 0 0
1471 1 242 35 19 0 0
1472 1 269 42 27 0 0
1473 1 248 36 12 0 0
1474 1 208 17 12 0 0
1475 1 197 11 11 0 0
1476 1 184 7 10 0 0
1477 1 177 7 10 0 0
1478 1 176 7 11 0 0
1479 1 173 7 11 0 0
1480 1 165 5 10 0 0
1481 1 160 5 11 0 0
1482 1 152 6 10 0 0
1483 1 143 6 10 0 0
1484 1 131 8 10 0 0
1485 1 122 13 12 0 0
1486 1 116 17 12 0 0
1487 1 109 22 15 0 0
1488 1 95 30 20 0 0
1490 1 80 44 20 0 0
1491 3 75 47 20 0 0
1492 5 70 48 21 0 0
1493 7 65 48 22 0 0
1494 11 57 46 22 0 0
1495 8 48 49 22 0 0
1496 8 42 50 23 0 0
1497 9 35 51 24 0 0
1498 17 34 52 24 0 0
1499 16 61 34 13 0 0
1500 52 43 48 20 0 0
1501 63 47 45 18 0 0
1502 67 45 46 19 0 0
1503 18 39 49 18 0 0
1504 81 41 49 18 0 0
1505 86 48 49 18 0 0
1506 90 54 48 19 0 0
1507 96 67 48 22 0 0
1509 119 124 46 21 0 0
1510 121 131 47 21 0 0
1511 128 144 47 21 0 0
1512 132 149 46 21 0 0
1513 137 156 47 21 0 0
1514 141 162 45 20 0 0
1515 145 169 45 18 0 0
1516 146 169 45 18 0 0
1517 144 167 47 20 0 0
1518 146 170 44 18 0 0
1519 145 171 45 20 0 0
1520 142 173 45 19 0 0
1521 137 173 45 20 0 0
1522 133 173 46 20 0 0
1523 129 174 46 20 0 0
1524 124 177 46 19 0 0
1525 121 180 46 18 0 0
1526 117 180 47 18 0 0
1527 117 179 45 17 0 0
1528 114 168 46 19 0 0
1529 114 162 45 19 0 0
1530 112 155 46 19 0 0
1531 112 148 45 19 0 0
1532 111 143 46 18 0 0
1533 111 134 45 18 0 0
1534 109 128 46 18 0 0
2340 51 217 43 19 0 0
2341 55 221 43 19 0 0
2342 67 221 43 15 0 0
2343 73 221 43 15 0 0
2344 83 220 43 15 0 0
2345 89 219 43 15 0 0
2346 91 220 43 15 0 0
2347 103 212 40 14 0 0
2348 105 206 40 14 0 0
2349 105 193 40 17 0 0
2350 105 185 40 17 0 0
2351 103 179 40 17 0 0
2352 103 177 40 17 0 0
2353 101 180 40 17 0 0
2354 99 182 40 17 0 0
2355 98 190 40 14 0 0
2356 98 198 40 14 0 0
2357 98 204 40 14 0 0
2358 102 214 40 12 0 0
2359 106 218 40 14 0 0
2360 110 222 40 14 0 0
2361 114 228 40 14 0 0
2362 120 230 40 14 0 0
2363 126 235 40 13 0 0
2364 132 239 40 13 0 0
2365 134 241 40 13 0 0
2366 134 242 40 13 0 0
2367 130 240 40 13 0 0
2368 122 242 38 13 0 0
2369 114 241 38 13 0 0
2370 110 239 38 13 0 0
2371 109 238 38 13 0 0
2372 110 239 38 13 0 0
2373 112 240 38 13 0 0
2374 115 238 38 13 0 0
2375 119 230 38 13 0 0
2376 119 222 38 13 0 0
2377 123 210 38 13 0 0
2378 123 188 38 13 0 0
2379 121 174 38 13 0 0
2380 121 166 38 13 0 0
2381 119 158 38 13 0 0
2382 117 138 38 13 0 0
2383 117 124 38 13 0 0
2384 117 108 38 13 0 0
2385 117 106 38 13 0 0
2386 120 106 38 13 0 0
2387 128 100 38 13 0 0
2389 137 101 41 15 0 0
2390 141 103 41 15 0 0
2391 145 100 41 15 0 0
2392 148 102 41 15 0 0
2393 152 104 41 15 0 0
2394 156 102 41 15 0 0
2395 166 102 41 15 0 0
2396 178 106 41 15 0 0
2397 182 106 41 15 0 0
2398 186 104 41 15 0 0
2399 187 107 41 15 0 0
2400 151 105 41 15 0 0
2401 189 109 41 13 0 0
2402 185 97 41 13 0 0
2403 183 89 41 13 0 0
2404 180 83 41 13 0 0
2405 178 79 41 13 0 0
2406 180 77 41 13 0 0
2407 184 77 41 13 0 0
2408 188 76 41 13 0 0
2409 196 74 41 13 0 0
2410 202 72 41 12 0 0
2411 210 68 41 8 0 0
2412 216 63 41 12 0 0
2413 222 57 41 12 0 0
2414 226 45 41 12 0 0
2415 227 44 41 12 0 0
2416 228 45 41 12 0 0
2417 229 45 41 12 0 0
2418 231 46 41 12 0 0
2419 233 47 41 12 0 0
2420 237 48 41 12 0 0
2421 241 49 41 12 0 0
2422 245 46 41 12 0 0
2423 248 45 41 12 0 0
2424 250 41 41 12 0 0
2425 252 38 41 12 0 0
2426 253 35 41 12 0 0
2428 231 44 43 14 0 0
2429 259 24 43 14 0 0
2430 263 24 43 14 0 0
2431 273 26 43 14 0 0
2432 281 20 43 14 0 0
2433 285 17 43 14 0 0
2434 288 15 43 14 0 0
2435 292 7 43 14 0 0
2436 300 1 38 10 0 0
2452 453 1 39 9 0 0
2453 453 5 35 15 0 0
2454 456 11 35 15 0 0
2455 452 27 35 15 0 0
2456 458 41 35 15 0 0
2457 462 53 35 15 0 0
2458 470 65 35 15 0 0
2459 478 75 35 15 0 0
2460 484 83 35 15 0 0
2461 490 86 35 15 0 0
2462 503 84 26 15 0 0
2463 497 90 37 16 0 0
2464 501 92 37 16 0 0
2465 503 92 37 16 0 0
2466 504 94 37 16 0 0
2467 506 98 37 16 0 0
2468 507 102 37 16 0 0
2469 509 104 37 16 0 0
2470 511 103 37 16 0 0
2471 514 102 37 16 0 0
2472 517 100 37 16 0 0
2473 519 100 37 16 0 0
2474 523 98 37 16 0 0
2475 526 94 37 16 0 0
2476 528 84 37 16 0 0
2477 532 80 37 16 0 0
2478 536 64 37 16 0 0
2479 537 61 37 16 0 0
2480 538 61 37 16 0 0
2481 538 51 37 16 0 0
2482 538 48 37 16 0 0
2483 538 40 37 16 0 0
2484 538 34 37 16 0 0
2485 542 22 37 16 0 0
2486 546 15 37 15 0 0
2487 546 3 37 15 0 0
2488 548 1 37 13 0 0
2489 552 1 37 9 0 0
2490 577 1 26 5 0 0
2525 839 1 23 11 0 0
2526 839 1 25 13 0 0
2527 839 1 33 21 0 0
2528 857 1 25 29 0 0
2529 865 5 25 25 0 0
2530 885 11 25 25 0 0
2531 895 23 25 29 0 0
2532 905 28 25 29 0 0
2533 913 28 25 29 0 0
2534 918 36 25 29 0 0
2535 921 48 25 29 0 0
2536 919 60 25 29 0 0
2537 921 68 25 30 0 0
2538 921 82 25 30 0 0
2539 923 92 25 30 0 0
2540 925 106 25 30 0 0
2541 928 118 25 30 0 0
2542 930 130 25 30 0 0
2543 931 144 25 30 0 0
2544 937 154 25 30 0 0
2545 937 170 25 30 0 0
2546 937 182 25 30 0 0
2547 939 200 25 30 0 0
2548 937 220 25 30 0 0
2549 935 224 25 30 0 0
2550 936 232 25 30 0 0
2551 936 232 25 30 0 0
2552 936 235 25 30 0 0
2553 937 237 25 30 0 0
2554 939 238 25 30 0 0
2555 940 238 25 30 0 0
2556 942 236 25 30 0 0
2557 943 233 25 30 0 0
2558 945 231 25 30 0 0
2559 945 230 25 30 0 0
2560 944 228 25 30 0 0
2561 943 228 25 30 0 0
2562 941 229 25 30 0 0
2563 940 231 25 30 0 0
2564 939 230 25 30 0 0
2565 938 228 25 30 0 0
2566 938 226 25 30 0 0
2567 940 226 25 30 0 0
2568 943 226 25 30 0 0
2569 947 226 25 30 0 0
2570 951 224 25 30 0 0
2571 953 220 25 30 0 0
2572 957 212 25 30 0 0
2573 961 213 21 30 0 0
2574 963 212 21 30 0 0
2575 965 211 21 30 0 0
2576 969 209 21 30 0 0
2577 977 201 16 34 0 0
2578 981 198 16 34 0 0
2579 985 196 16 34 0 0
2580 989 197 16 34 0 0
2581 990 201 16 34 0 0
2582 989 204 16 34 0 0
2583 988 211 16 34 0 0
2584 989 209 16 34 0 0
2585 992 205 16 34 0 0
2586 995 203 16 34 0 0
2587 999 200 16 34 0 0
2588 1007 196 16 34 0 0
2589 1013 196 12 34 0 0
2590 1013 196 12 34 0 0
2712 987 753 38 16 0 0
2713 981 751 44 18 0 0
2714 971 757 54 12 0 0
2715 971 757 54 12 0 0
2719 989 753 36 16 0 0
2939 50 760 17 9 0 0
2940 48 760 16 9 0 0
2941 46 757 17 12 0 0
2942 41 749 23 20 0 0
2943 37 749 23 20 0 0
2944 27 738 21 31 0 0
2945 19 737 21 32 0 0
2946 13 721 23 48 0 0
2947 9 709 23 55 0 0
2948 9 701 23 55 0 0
2949 11 695 23 55 0 0
2950 15 687 23 55 0 0
2951 21 685 19 55 0 0
2952 27 682 19 55 0 0
2953 30 674 19 55 0 0
2954 32 644 19 55 0 0
2955 31 626 19 55 0 0
2956 30 618 19 55 0 0
2957 29 615 19 55 0 0
2958 27 615 19 55 0 0
2959 26 616 19 55 0 0
2960 27 617 19 55 0 0
2961 29 617 19 55 0 0
2962 33 613 19 55 0 0
2963 36 609 19 55 0 0
2964 38 605 19 55 0 0
2965 38 601 19 55 0 0
2966 38 598 19 55 0 0
2967 39 595 19 55 0 0
2968 41 594 19 55 0 0
2969 43 594 19 55 0 0
2970 45 595 19 55 0 0
2971 47 597 19 55 0 0
2972 48 597 19 55 0 0
2973 47 593 19 55 0 0
2974 29 616 19 55 0 0
2975 39 602 19 44 0 0
2976 37 597 19 44 0 0
2977 33 599 19 49 0 0
2978 27 611 19 49 0 0
2979 25 611 19 49 0 0
2980 25 614 19 49 0 0
2981 29 622 19 49 0 0
2982 33 630 19 49 0 0
2983 37 634 19 49 0 0
2984 41 638 19 49 0 0
2985 44 640 19 36 0 0
2986 32 643 19 49 0 0
2987 16 639 19 49 0 0
2988 4 641 19 39 0 0
3166 1 265 7 13 0 0
3167 1 269 13 15 0 0
3168 1 272 11 15 0 0
3175 1 271 19 19 0 0
3176 1 272 27 19 0 0
3177 3 268 27 19 0 0
3179 1 263 35 21 0 0
3180 9 262 31 21 0 0
3181 10 263 31 21 0 0
3183 7 261 37 23 0 0
3184 11 261 37 23 0 0
3185 19 265 33 19 0 0
3186 22 265 33 19 0 0
3187 23 261 33 19 0 0
3188 23 257 33 19 0 0
3189 23 256 33 19 0 0
3190 23 257 33 19 0 0
3191 23 258 33 19 0 0
3192 22 257 33 19 0 0
3193 20 256 33 19 0 0
3194 17 255 33 19 0 0
3195 16 256 33 19 0 0
3196 18 256 33 19 0 0
3197 22 258 33 19 0 0
3198 26 259 33 19 0 0
3199 30 259 33 19 0 0
3200 34 257 33 19 0 0
3201 37 256 33 19 0 0
3202 40 258 33 19 0 0
3203 40 259 33 19 0 0
3204 38 255 33 19 0 0
3205 37 251 33 19 0 0
3206 36 248 33 19 0 0
3207 35 249 33 19 0 0
3208 34 250 33 19 0 0
3209 31 253 33 19 0 0
3210 29 254 33 19 0 0
3211 27 253 33 19 0 0
3212 27 251 33 19 0 0
3213 29 248 33 19 0 0
3214 34 243 33 19 0 0
3215 38 241 33 19 0 0
3216 44 235 33 19 0 0
3217 44 229 33 19 0 0
3218 48 217 33 19 0 0
3219 52 201 33 19 0 0
3220 52 197 33 19 0 0
3221 55 193 33 19 0 0
3222 56 191 33 19 0 0
3223 55 190 33 19 0 0
3224 55 189 33 19 0 0
3225 54 190 33 19 0 0
3226 54 193 33 19 0 0
3227 57 193 33 19 0 0
3228 61 191 33 19 0 0
3229 79 197 33 19 0 0
3230 87 201 33 19 0 0
3231 89 199 33 19 0 0
3232 91 191 33 19 0 0
3233 92 188 33 19 0 0
3234 94 188 33 19 0 0
3235 94 186 33 19 0 0
3236 94 176 33 19 0 0
3237 92 170 33 19 0 0
3238 90 160 33 19 0 0
3239 90 152 33 19 0 0
3240 88 142 33 19 0 0
3241 90 124 33 19 0 0
3242 96 100 33 19 0 0
3243 100 96 33 19 0 0
3244 108 92 33 19 0 0
3245 112 88 33 19 0 0
3246 120 80 33 19 0 0
3247 128 74 33 19 0 0
3248 136 66 33 19 0 0
3249 138 60 36 19 0 0
3250 146 46 36 19 0 0
3251 150 34 36 19 0 0
3252 153 28 36 19 0 0
3253 157 25 36 19 0 0
3254 161 23 36 19 0 0
3255 165 23 36 19 0 0
3256 169 25 36 19 0 0
3257 179 29 36 19 0 0
3258 189 31 36 19 0 0
3259 193 31 36 19 0 0
3260 197 35 36 19 0 0
3261 207 41 36 19 0 0
3262 210 44 36 19 0 0
3263 213 48 36 19 0 0
3264 216 51 36 19 0 0
3265 219 54 36 19 0 0
3266 223 58 36 19 0 0
3267 227 60 36 19 0 0
3268 237 64 36 19 0 0
3269 241 68 36 19 0 0
3270 245 72 36 19 0 0
3271 253 70 37 19 0 0
3272 257 66 37 19 0 0
3273 260 64 37 19 0 0
3274 262 62 37 19 0 0
3275 263 60 37 19 0 0
3276 264 56 37 19 0 0
3277 274 48 37 19 0 0
3278 278 48 37 18 0 0
3279 288 49 37 18 0 0
3280 292 51 37 18 0 0
3282 299 55 41 15 0 0
3283 303 59 41 15 0 0
3284 311 67 41 15 0 0
3285 314 71 41 15 0 0
3286 322 79 41 15 0 0
3287 321 87 41 15 0 0
3288 324 91 41 15 0 0
3289 328 95 41 15 0 0
3290 332 97 41 15 0 0
3291 336 99 41 15 0 0
3292 336 102 41 15 0 0
3293 335 105 41 15 0 0
3294 333 108 41 15 0 0
3295 329 112 41 15 0 0
3296 326 112 41 15 0 0
3297 323 108 41 15 0 0
3298 322 98 41 15 0 0
3299 323 89 41 12 0 0
3300 325 79 41 12 0 0
3301 324 71 41 12 0 0
3302 326 65 41 12 0 0
3303 327 59 41 12 0 0
3304 330 56 41 12 0 0
3305 334 57 41 12 0 0
3306 337 60 41 12 0 0
3307 341 64 41 12 0 0
3308 345 67 41 12 0 0
3309 349 71 41 12 0 0
3310 353 68 41 12 0 0
3311 355 66 41 12 0 0
3312 359 62 41 12 0 0
3313 363 61 41 12 0 0
3314 367 65 41 12 0 0
3315 368 68 41 12 0 0
3316 370 70 41 12 0 0
3317 366 74 41 12 0 0
3318 364 73 41 12 0 0
3319 362 73 41 12 0 0
3320 360 81 41 12 0 0
3321 364 81 41 12 0 0
3322 366 79 41 12 0 0
3323 366 77 41 12 0 0
3324 369 75 41 12 0 0
3325 373 72 41 12 0 0
3326 377 69 41 12 0 0
3327 379 67 41 12 0 0
3328 382 64 41 12 0 0
3329 384 60 41 12 0 0
3330 384 56 41 12 0 0
3331 384 48 41 12 0 0
3332 382 34 41 12 0 0
3333 382 30 41 12 0 0
3334 381 26 41 12 0 0
3335 381 24 41 12 0 0
3336 382 21 41 12 0 0
3337 388 13 41 12 0 0
3338 392 5 41 12 0 0
3339 400 1 41 10 0 0
3340 404 1 41 7 0 0
3341 408 1 41 5 0 0
3342 431 1 31 9 0 0
3346 477 1 19 9 0 0
3347 471 1 37 15 0 0
3348 475 1 37 11 0 0
3349 493 1 23 9 0 0
3389 855 1 17 11 0 0
3390 867 1 19 15 0 0
3391 877 1 19 15 0 0
3392 881 1 23 15 0 0
3393 883 1 33 21 0 0
3394 886 7 33 25 0 0
3395 886 19 33 25 0 0
3396 886 37 33 25 0 0
3397 886 45 33 25 0 0
3398 886 49 33 25 0 0
3399 885 57 33 25 0 0
3400 885 65 33 25 0 0
3401 889 75 31 25 0 0
3402 893 83 31 25 0 0
3403 897 86 31 25 0 0
3404 901 88 31 25 0 0
3405 911 92 31 25 0 0
3406 921 96 31 25 0 0
3407 929 102 31 25 0 0
3408 939 106 31 25 0 0
3409 945 116 31 25 0 0
3410 953 126 31 25 0 0
3411 959 132 31 25 0 0
3412 965 138 31 25 0 0
3413 966 142 31 25 0 0
3414 964 150 31 25 0 0
3415 962 154 31 25 0 0
3416 960 157 31 25 0 0
3417 956 158 31 25 0 0
3418 953 159 31 25 0 0
3419 949 160 31 25 0 0
3420 946 164 31 25 0 0
3421 942 168 31 25 0 0
3422 944 174 31 25 0 0
3423 943 178 31 25 0 0
3424 944 184 31 25 0 0
3425 946 184 31 25 0 0
3426 950 180 31 25 0 0
3427 954 168 31 25 0 0
3428 963 157 26 32 0 0
3429 966 153 26 32 0 0
3430 964 149 26 32 0 0
3431 963 149 26 32 0 0
3432 962 149 26 32 0 0
3433 962 150 26 32 0 0
3434 963 152 26 32 0 0
3435 967 150 26 32 0 0
3436 975 155 26 32 0 0
3437 983 151 26 32 0 0
3438 987 150 26 32 0 0
3439 997 146 26 32 0 0
3440 1001 142 24 32 0 0
3441 1005 139 20 32 0 0
3442 1008 140 17 32 0 0
3443 1011 142 14 32 0 0
3444 1015 144 10 32 0 0
3451 985 149 25 27 0 0
4045 1 247 7 19 0 0
4046 1 253 7 15 0 0
4047 1 261 9 19 0 0
4050 1 253 9 13 0 0
4051 1 252 11 23 0 0
4052 1 253 19 23 0 0
4053 1 253 21 19 0 0
4054 1 251 33 19 0 0
4055 3 245 33 19 0 0
4056 4 242 33 19 0 0
4057 4 238 33 19 0 0
4058 2 235 33 19 0 0
4059 1 236 30 19 0 0
4060 1 239 26 19 0 0
4061 1 240 22 19 0 0
4062 1 244 21 19 0 0
4063 1 248 21 19 0 0
4064 1 248 21 19 0 0
4065 1 246 21 19 0 0
4066 1 242 21 19 0 0
4067 1 235 25 19 0 0
4068 1 226 27 18 0 0
4069 1 218 27 16 0 0
4070 1 214 23 16 0 0
4071 1 204 19 16 0 0
4072 1 195 19 21 0 0
4073 1 193 19 21 0 0
4074 1 193 19 21 0 0
4075 1 193 19 21 0 0
4076 1 191 19 21 0 0
4077 1 181 21 21 0 0
4078 1 179 25 15 0 0
4079 1 178 25 15 0 0
4080 1 177 33 18 0 0
4081 7 174 33 18 0 0
4082 13 169 33 18 0 0
4083 19 170 33 18 0 0
4084 24 170 33 18 0 0
4085 22 158 33 18 0 0
4086 20 150 33 18 0 0
4087 14 140 33 18 0 0
4088 14 134 33 18 0 0
4089 10 126 33 18 0 0
4090 8 120 33 18 0 0
4091 9 116 33 18 0 0
4092 12 114 33 18 0 0
4093 20 104 36 18 0 0
4094 24 100 36 18 0 0
4095 28 96 36 18 0 0
4096 44 92 36 18 0 0
4097 48 94 36 18 0 0
4098 64 94 36 18 0 0
4099 68 91 36 18 0 0
4100 82 83 36 18 0 0
4101 86 79 36 18 0 0
4102 88 65 36 18 0 0
4103 92 47 36 18 0 0
4104 96 37 36 18 0 0
4105 100 37 36 18 0 0
4106 101 41 36 18 0 0
4107 98 43 36 18 0 0
4108 90 39 36 18 0 0
4109 84 35 36 18 0 0
4110 70 29 36 18 0 0
4111 66 25 36 18 0 0
4112 65 24 36 18 0 0
4113 67 25 36 18 0 0
4114 77 26 36 18 0 0
4115 87 27 36 18 0 0
4116 119 37 36 18 0 0
4117 133 38 36 18 0 0
4118 149 32 36 18 0 0
4119 157 26 36 18 0 0
4120 167 18 36 18 0 0
4121 171 14 36 18 0 0
4122 175 10 36 18 0 0
4123 177 6 36 18 0 0
4124 183 2 36 18 0 0
4125 186 3 36 18 0 0
4126 188 7 36 18 0 0
4127 190 23 36 18 0 0
4128 198 39 36 18 0 0
4129 218 79 36 18 0 0
4130 226 91 36 18 0 0
4131 230 101 36 18 0 0
4132 234 111 36 18 0 0
4133 239 111 36 18 0 0
4134 243 83 36 18 0 0
4135 245 79 36 18 0 0
4136 251 83 36 18 0 0
4137 261 89 36 15 0 0
4138 268 93 37 15 0 0
4139 280 95 36 13 0 0
4140 284 91 36 13 0 0
4141 286 80 36 14 0 0
4142 287 74 37 12 0 0
4143 288 74 35 11 0 0
4144 290 77 36 11 0 0
4145 295 85 37 11 0 0
4146 300 90 36 12 0 0
4147 308 96 36 12 0 0
4148 311 99 36 12 0 0
4149 314 102 35 12 0 0
4150 314 104 35 13 0 0
4151 313 106 35 12 0 0
4152 310 119 34 12 0 0
4153 310 118 34 11 0 0
4154 312 116 34 11 0 0
4155 313 116 34 11 0 0
4156 315 116 35 11 0 0
4157 316 115 35 11 0 0
4158 314 111 35 10 0 0
4159 311 105 34 11 0 0
4160 306 96 35 11 0 0
4161 302 87 35 11 0 0
4162 296 65 35 11 0 0
4163 295 57 34 12 0 0
4164 294 45 33 12 0 0
4165 292 43 35 12 0 0
4166 293 42 35 12 0 0
4167 296 40 36 12 0 0
4168 304 35 35 12 0 0
4169 311 31 34 12 0 0
4170 319 21 34 12 0 0
4171 327 13 33 12 0 0
4172 330 8 34 12 0 0
4173 332 2 34 12 0 0
4174 333 1 34 10 0 0
4175 331 1 34 12 0 0
4176 331 1 34 11 0 0
4177 335 1 32 5 0 0
4233 711 1 28 15 0 0
4234 706 4 32 20 0 0
4235 706 18 31 19 0 0
4236 706 34 31 19 0 0
4237 709 42 31 18 0 0
4238 716 49 31 19 0 0
4239 721 56 32 20 0 0
4241 741 70 30 20 0 0
4242 751 70 31 20 0 0
4243 764 69 31 20 0 0
4244 772 65 31 20 0 0
4245 785 56 30 19 0 0
4246 799 68 17 8 0 0
4247 785 53 29 20 0 0
4248 782 53 29 17 0 0
4249 775 56 29 21 0 0
4250 776 57 29 21 0 0
4251 779 58 28 20 0 0
4252 781 56 28 20 0 0
4253 786 61 29 21 0 0
4254 764 69 31 20 0 0
4255 813 74 28 22 0 0
4256 818 72 29 21 0 0
4257 826 70 28 21 0 0
4258 833 68 28 22 0 0
4259 839 65 28 23 0 0
4260 843 64 29 22 0 0
4261 851 62 28 22 0 0
4262 854 60 28 22 0 0
4263 858 70 26 16 0 0
4264 860 64 27 22 0 0
4265 862 65 27 22 0 0
4266 864 73 27 23 0 0
4267 865 78 26 23 0 0
4268 864 78 26 24 0 0
4269 863 78 26 24 0 0
4270 861 76 26 24 0 0
4271 861 72 26 24 0 0
4272 862 63 25 25 0 0
4273 865 53 25 27 0 0
4274 868 49 25 25 0 0
4275 872 45 25 25 0 0
4276 879 37 25 26 0 0
4277 886 33 25 26 0 0
4278 890 32 25 26 0 0
4279 896 33 25 27 0 0
4280 902 36 25 26 0 0
4281 909 33 25 28 0 0
4282 918 30 25 27 0 0
4283 925 25 25 28 0 0
4284 946 15 24 29 0 0
4285 957 9 24 30 0 0
4286 965 7 23 28 0 0
4287 974 5 23 29 0 0
4288 981 4 24 29 0 0
4289 986 6 22 29 0 0
4290 991 9 23 30 0 0
4291 998 10 23 30 0 0
4292 1003 9 22 30 0 0
4293 1012 10 13 27 0 0
4294 1018 14 7 20 0 0
4853 1 270 11 15 0 0
4854 1 289 16 21 0 0
4855 1 306 4 6 0 0
